完整日志输出至所有交互过程.xlsx
[-1, -1]
[44, 50]
[82, 87]
[87, 96]
[96, 101]
[117, 123]
[147, 152]
[164, 169]
[169, 174]
[174, 181]
[181, 186]
[194, 200]
[212, 218]
[218, 227]
[235, 243]
[255, 263]
[263, 268]
[272, 277]
[281, 287]
[299, 304]
[304, 309]
[317, 323]
[351, 357]
[393, 399]
[419, 424]
[448, 454]
[466, 473]
[485, 491]
[507, 512]
[512, 517]
[517, 522]
[526, 532]
[540, 547]
[547, 559]
[559, 570]
[570, 575]
[575, 584]
[584, 590]
[590, 598]
[598, 606]
[606, 612]
[612, 620]
[620, 632]
[632, 640]
[640, 645]
[645, 651]
[651, 656]
[656, 665]
[665, 674]
[674, 683]
[683, 689]
[693, 701]
[701, 708]
[708, 714]
[714, 729]
[729, 737]
[737, 745]
[745, 750]
[750, 755]
[755, 762]
异常日志输出至重复发送情况.xlsx
