
集中器IP：129.1.22.96


（1）端口检测
端口检测
发送：68 00 00 81 01 16 60 68 14 06 04 96 96 02 12 34 5A 16
回应：68 00 00 81 01 16 60 68 14 06 04 96 96 02 12 34 5A 16

（2）设置IP和MAC
发送：68 00 00 81 01 16 60 68 14 0E 04 96 96 01 81 01 16 60 11 22 33 44 55 66 78 16
回应：68 00 00 81 01 16 60 68 94 00 5c 16

（3）遥信状态
发送：68 00 00 81 01 16 60 68 14 04 04 96 96 03 13 16
回应：68 00 00 81 01 16 60 68 94 05 04 96 96 03 10 A4 16

（4）设置时间
发送：68 00 00 81 01 16 60 68 14 0A 04 96 96 04 18 11 22 01 02 03 6B 16
回应：68 00 00 81 01 16 60 68 94 00 5c 16

（5）读取时间
发送：68 00 00 81 01 16 60 68 14 04 04 96 96 05 15 16
回应：68 00 00 81 01 16 60 68 94 0A 04 96 96 05 18 11 29 13 04 24 28 16


（6）USB检测
发送：68 00 00 81 01 16 60 68 14 04 04 96 96 0B 1B 16
回应：68 00 00 81 01 16 60 68 94 05 04 96 96 0B 01 9D 16

（7）按键检测
发送：68 00 00 81 01 16 60 68 14 04 04 96 96 0A 1A 16
回应：68 00 00 81 01 16 60 68 94 05 04 96 96 0A 00 9B 16


（8）ESAM检测
发送：68 00 00 81 01 16 60 68 14 05 04 96 96 0D 01 1F 16
回应：68 00 00 81 01 16 60 68 94 05 04 96 96 0D 00 9E 16

（9）电池检测
发送：68 00 00 81 01 16 60 68 14 04 04 96 96 0C 1C 16
回应：68 00 00 81 01 16 60 68 94 05 04 96 96 0C 00 9D 16


（10）GPRS检测
发送：68 00 00 81 01 16 60 68 14 0A 04 96 96 06 DA 12 16 4E 0B EF 66 16
回应：68 00 00 81 01 16 60 68 94 00 5C 16




直流模拟量电压检测
发送：68 00 00 81 01 16 60 68 14 04 04 96 96 07 17 16
回应：68 00 00 81 01 16 60 68 94 06 04 96 96 07 00 00 99 16

直流模拟量电流检测
发送：68 00 00 81 01 16 60 68 14 04 04 96 96 08 18 16
回应：68 00 00 81 01 16 60 68 94 06 04 96 96 08 00 00 9A 16


（2）电流规格设置
发送：68 00 00 81 01 16 60 68 14 05 04 96 96 0E 01 20 16
回应：68 00 00 81 01 16 60 68 94 00 5C 16

（3）路由载波检测流程实现
发送：68 00 00 81 01 16 60 68 14 10 04 96 96 09 00 00 00 13 13 13 00 00 00 00 00 00 5E 16
回应：68 00 00 81 01 16 60 68 94 05 04 96 96 09 00 9A 16



（2）CT检测开路初始化
发送：68 00 00 81 01 16 60 68 14 04 04 96 96 0F 1F 16
回应：68 00 00 81 01 16 60 68 94 00 5C 16



（2）IP和MAC设置
MAC设置需要注意只能设置单播地址，否则MAC设置失败；IP不能设置全0和全FF，设置后可以从液晶查看
