【PLC发出】  协议  0-9  A B C D E F      验证码 
  0   0    0 
  1   9    F 
 10  10   10
2   10   16

 11  99
3   100

100
101
110
111
1000


68 31 31 68 
01
01 18 30333030315A433030303030303231373030363538363636
02 18 30333030315A433030303030303231373030363538363637
03 00
04 00
05 00
06 00
CS 16 



03001ZC00000021700658666

L = 数据域长度 1B

68313168010106201801130013020620180113001403062018011300150406201801130017050620180113001A06062018011300FFA016

68313168010106201801130013020620180113001403062018011300150406201801130017050620180113001A06060000000000005516

68313168010106201801130013020620180113001403062018011300150406000000000000050600000000000006060000000000008C16


68 01 01 68 82 54 16

【produce回复】
68 01 01 68 
81 
53 16 

68 02 02 68 
91 
ERR 
CS 16

ERR = 错误码  1B
---------------------------------------------------
【produce 发出】
680D0D68020101020203000400050006000416

680D0D68020102020203020402050206020D16

68 0D 0D 68 
02 
01 01  2B
02 02
03 00
04 00
05 00
06 00	12B
CS 16 

68 12 12 68 
02 
01 01 06 201801130013 2018.04.25 05:56:00 02 00 
02 02 06 201801130013 02 01 23
03 02 00 
04 02 00 
05 02 00 
06 00 
15 16

-- 1、添加长度信息报文
68 12 12 68
03
01 XX 
02 04 
03 03 
04 03
05 03 
06 02 
CS 16
-----------------------


-- 2、添加长度信息报文

序号 标志 地址长度 地址数据      日期                数据长度 数据内容
01    01   06      201801130013  2018.04.25 05:56:00 00       

68 12 12 68 
02 
01 02 00 
02 02 00 
03 02 00 
04 02 00 
05 02 00 
06 00 
15 16

01 01 表示1位置设备-ok
02 02 表示2位置设备-err 
03 00 表示3位置设备-无 

【PLC回复】
68 01 01 68
82 
54 16 

68 02 02 68 
92 
ERR 
CS 16

