将485表按照次序设置为1-6
68 AA AA AA AA AA AA 68 13 00 DF 16 

	 68 46 00 40 00 00 00 68 93 06 79 33 73 33 33 33 A7 16 

写操作时，按住编程按键
68 AA AA AA AA AA AA 68 15 06 39 33 33 33 33 33 1F 16 

	 68 06 00 00 00 00 00 68 95 00 6B 16



RT载波抄读II采485表

红外设置II采设备地址
红外读取设备版本信息

红外设置省份模式
红外读取省份模式


启动任务
68 0C 00 40 02 05 08 02 02 E8 3B 16
确认报文
68 0E 00 80 00 05 01 00 01 E8 00 00 6F 16


[2018-01-22 09:43:26:431]添加任务
发送:68 2E 00 60 11 11 11 11 11 11 05 00 00 00 00 00 02 07 01 02 02 E8 01 00 80 E8 03 10 68 05 00 00 00 00 00 68 11 04 33 33 34 33 B7 16 C1 16

[2018-01-22 09:43:27:807]软件回复确认帧
发送:68 0E 00 00 00 01 01 00 01 E8 00 00 EB 16


--------------------原始报文----------------
接收[2018-01-22 09:43:26:567]  
68 0E 00 80 00 07 01 00 01 E8 00 00 71 16
---------------------解析报文----------------
具体项目：路由确认帧

---------------------原始报文----------------
接收[2018-01-22 09:43:27:804]  
68 2F 00 E0 05 00 00 00 00 00 00 00 00 00 9C CF 05 02 01 05 05 E8 01 00 14 68 05 00 00 00 00 00 68 91 08 33 33 34 33 34 33 33 33 08 16 85 16
---------------------解析报文----------------
具体项目：路由上报任务数据
解析报文：
表地址：050000000000
路由地址：000000009CCF
任务序号：1
645报文数据：6805000000000068910833333433343333330816



