send
68 05 00 00 00 00 00 68 11 04 34 34 33 37 BC 16
recv
68 05 00 00 00 00 00 68 91 08 34 34 33 37 39 54 39 D5 DB 16 

send
68 AA AA AA AA AA AA 68 13 00 DF 16 
recv
68 81 80 09 00 00 00 68 93 06 B4 B3 3C 33 33 33 AF 16

send
68 81 80 09 00 00 00 68 11 04 32 3A 33 37 C5 16

recv
68 81 80 09 00 00 00 68 91 05 32 3A 33 37 37 7D 16  


send
68 81 80 09 00 00 00 68 11 0A 34 34 33 37 38 33 33 33 33 33 FE 16

recv 
68 81 80 09 00 00 00 68 91 0E 34 34 33 37 39 54 39 D5 38 33 33 33 33 33 1D 16 


04 广东 这是默认选择   采集器地址在前，485表地址在后

01 安徽模式 ----485表地址在前，采集器地址在后
00 国网
03 浙江 通信速率为600



