
[2018-01-16 11:15:57:703]启动任务
发送:68 0C 00 40 02 0D 08 02 02 E8 43 16

[2018-01-16 11:16:07:312]添加任务
发送:68 2E 00 60 11 11 11 11 11 11 56 00 40 00 00 00 02 0E 01 02 02 E8 01 00 80 E8 03 10 68 56 00 40 00 00 00 68 11 04 33 33 34 33 48 16 7B 16

[2018-01-16 11:16:10:156]软件回复确认帧
发送:68 0E 00 00 00 00 01 00 01 E8 00 00 EA 16
---------------------原始报文----------------
接收[2018-01-16 11:15:57:812]  
68 0E 00 80 00 0D 01 00 01 E8 00 00 77 16
---------------------解析报文----------------
具体项目：路由确认帧

---------------------原始报文----------------
接收[2018-01-16 11:16:07:453]  
68 0E 00 80 00 0E 01 00 01 E8 00 00 78 16
---------------------解析报文----------------
具体项目：路由确认帧

---------------------原始报文----------------
接收[2018-01-16 11:16:10:156]  
68 2F 00 E0 56 00 40 00 00 00 00 00 00 00 9C CF 05 00 01 05 05 E8 01 00 14 68 56 00 40 00 00 00 68 91 08 33 33 34 33 34 33 33 33 99 16 36 16
---------------------解析报文----------------
具体项目：路由上报帧
